0.0000 0.0000 0.0000 1.0
0.2083 0.0000 0.0000 1.0
0.4167 0.0000 0.0000 1.0
0.6250 0.0000 0.0000 1.0
0.8333 0.0000 0.0000 1.0
1.0417 0.0000 0.0000 1.0
1.2500 0.0000 0.0000 1.0
1.4583 0.0000 0.0000 1.0
1.6667 0.0000 0.0000 1.0
1.8750 0.0000 0.0000 1.0
2.0833 0.0000 0.0000 1.0
2.2917 0.0000 0.0000 1.0
2.5000 0.0000 0.0000 1.0
2.7083 0.0000 0.0000 1.0
2.9167 0.0000 0.0000 1.0
3.1250 0.0000 0.0000 1.0
3.3333 0.0000 0.0000 1.0
3.5417 0.0000 0.0000 1.0
3.7500 0.0000 0.0000 1.0
3.9583 0.0000 0.0000 1.0
4.1667 0.0000 0.0000 1.0
4.3750 0.0000 0.0000 1.0
4.5833 0.0000 0.0000 1.0
4.7917 0.0000 0.0000 1.0
5.0000 0.0000 0.0000 1.0
0.0000 0.0000 0.2083 1.0
0.2083 0.0000 0.2083 1.0
0.4167 0.0000 0.2083 1.0
0.6250 0.0000 0.2083 1.0
0.8333 0.0000 0.2083 1.0
1.0417 0.0000 0.2083 1.0
1.2500 0.0000 0.2083 1.0
1.4583 0.0000 0.2083 1.0
1.6667 0.0000 0.2083 1.0
1.8750 0.0000 0.2083 1.0
2.0833 0.0000 0.2083 1.0
2.2917 0.0000 0.2083 1.0
2.5000 0.0000 0.2083 1.0
2.7083 0.0000 0.2083 1.0
2.9167 0.0000 0.2083 1.0
3.1250 0.0000 0.2083 1.0
3.3333 0.0000 0.2083 1.0
3.5417 0.0000 0.2083 1.0
3.7500 0.0000 0.2083 1.0
3.9583 0.0000 0.2083 1.0
4.1667 0.0000 0.2083 1.0
4.3750 0.0000 0.2083 1.0
4.5833 0.0000 0.2083 1.0
4.7917 0.0000 0.2083 1.0
5.0000 0.0000 0.2083 1.0
0.0000 0.0000 0.4167 1.0
0.2083 0.0000 0.4167 1.0
0.4167 0.0000 0.4167 1.0
0.6250 0.0000 0.4167 1.0
0.8333 0.0000 0.4167 1.0
1.0417 0.0000 0.4167 1.0
1.2500 0.0000 0.4167 1.0
1.4583 0.0000 0.4167 1.0
1.6667 0.0000 0.4167 1.0
1.8750 0.0000 0.4167 1.0
2.0833 0.0000 0.4167 1.0
2.2917 0.0000 0.4167 1.0
2.5000 0.0000 0.4167 1.0
2.7083 0.0000 0.4167 1.0
2.9167 0.0000 0.4167 1.0
3.1250 0.0000 0.4167 1.0
3.3333 0.0000 0.4167 1.0
3.5417 0.0000 0.4167 1.0
3.7500 0.0000 0.4167 1.0
3.9583 0.0000 0.4167 1.0
4.1667 0.0000 0.4167 1.0
4.3750 0.0000 0.4167 1.0
4.5833 0.0000 0.4167 1.0
4.7917 0.0000 0.4167 1.0
5.0000 0.0000 0.4167 1.0
0.0000 0.0000 0.6250 1.0
0.2083 0.0000 0.6250 1.0
0.4167 0.0000 0.6250 1.0
0.6250 0.0000 0.6250 1.0
0.8333 0.0000 0.6250 1.0
1.0417 0.0000 0.6250 1.0
1.2500 0.0000 0.6250 1.0
1.4583 0.0000 0.6250 1.0
1.6667 0.0000 0.6250 1.0
1.8750 0.0000 0.6250 1.0
2.0833 0.0000 0.6250 1.0
2.2917 0.0000 0.6250 1.0
2.5000 0.0000 0.6250 1.0
2.7083 0.0000 0.6250 1.0
2.9167 0.0000 0.6250 1.0
3.1250 0.0000 0.6250 1.0
3.3333 0.0000 0.6250 1.0
3.5417 0.0000 0.6250 1.0
3.7500 0.0000 0.6250 1.0
3.9583 0.0000 0.6250 1.0
4.1667 0.0000 0.6250 1.0
4.3750 0.0000 0.6250 1.0
4.5833 0.0000 0.6250 1.0
4.7917 0.0000 0.6250 1.0
5.0000 0.0000 0.6250 1.0
0.0000 0.0000 0.8333 1.0
0.2083 0.0000 0.8333 1.0
0.4167 0.0000 0.8333 1.0
0.6250 0.0000 0.8333 1.0
0.8333 0.0000 0.8333 1.0
1.0417 0.0000 0.8333 1.0
1.2500 0.0000 0.8333 1.0
1.4583 0.0000 0.8333 1.0
1.6667 0.0000 0.8333 1.0
1.8750 0.0000 0.8333 1.0
2.0833 0.0000 0.8333 1.0
2.2917 0.0000 0.8333 1.0
2.5000 0.0000 0.8333 1.0
2.7083 0.0000 0.8333 1.0
2.9167 0.0000 0.8333 1.0
3.1250 0.0000 0.8333 1.0
3.3333 0.0000 0.8333 1.0
3.5417 0.0000 0.8333 1.0
3.7500 0.0000 0.8333 1.0
3.9583 0.0000 0.8333 1.0
4.1667 0.0000 0.8333 1.0
4.3750 0.0000 0.8333 1.0
4.5833 0.0000 0.8333 1.0
4.7917 0.0000 0.8333 1.0
5.0000 0.0000 0.8333 1.0
0.0000 0.0000 1.0417 1.0
0.2083 0.0000 1.0417 1.0
0.4167 0.0000 1.0417 1.0
0.6250 0.0000 1.0417 1.0
0.8333 0.0000 1.0417 1.0
1.0417 0.0000 1.0417 1.0
1.2500 0.0000 1.0417 1.0
1.4583 0.0000 1.0417 1.0
1.6667 0.0000 1.0417 1.0
1.8750 0.0000 1.0417 1.0
2.0833 0.0000 1.0417 1.0
2.2917 0.0000 1.0417 1.0
2.5000 0.0000 1.0417 1.0
2.7083 0.0000 1.0417 1.0
2.9167 0.0000 1.0417 1.0
3.1250 0.0000 1.0417 1.0
3.3333 0.0000 1.0417 1.0
3.5417 0.0000 1.0417 1.0
3.7500 0.0000 1.0417 1.0
3.9583 0.0000 1.0417 1.0
4.1667 0.0000 1.0417 1.0
4.3750 0.0000 1.0417 1.0
4.5833 0.0000 1.0417 1.0
4.7917 0.0000 1.0417 1.0
5.0000 0.0000 1.0417 1.0
0.0000 0.0000 1.2500 1.0
0.2083 0.0000 1.2500 1.0
0.4167 0.0000 1.2500 1.0
0.6250 0.0000 1.2500 1.0
0.8333 0.0000 1.2500 1.0
1.0417 0.0000 1.2500 1.0
1.2500 0.0000 1.2500 1.0
1.4583 0.0000 1.2500 1.0
1.6667 0.0000 1.2500 1.0
1.8750 0.0000 1.2500 1.0
2.0833 0.0000 1.2500 1.0
2.2917 0.0000 1.2500 1.0
2.5000 0.0000 1.2500 1.0
2.7083 0.0000 1.2500 1.0
2.9167 0.0000 1.2500 1.0
3.1250 0.0000 1.2500 1.0
3.3333 0.0000 1.2500 1.0
3.5417 0.0000 1.2500 1.0
3.7500 0.0000 1.2500 1.0
3.9583 0.0000 1.2500 1.0
4.1667 0.0000 1.2500 1.0
4.3750 0.0000 1.2500 1.0
4.5833 0.0000 1.2500 1.0
4.7917 0.0000 1.2500 1.0
5.0000 0.0000 1.2500 1.0
0.0000 0.0000 1.4583 1.0
0.2083 0.0000 1.4583 1.0
0.4167 0.0000 1.4583 1.0
0.6250 0.0000 1.4583 1.0
0.8333 0.0000 1.4583 1.0
1.0417 0.0000 1.4583 1.0
1.2500 0.0000 1.4583 1.0
1.4583 0.0000 1.4583 1.0
1.6667 0.0000 1.4583 1.0
1.8750 0.0000 1.4583 1.0
2.0833 0.0000 1.4583 1.0
2.2917 0.0000 1.4583 1.0
2.5000 0.0000 1.4583 1.0
2.7083 0.0000 1.4583 1.0
2.9167 0.0000 1.4583 1.0
3.1250 0.0000 1.4583 1.0
3.3333 0.0000 1.4583 1.0
3.5417 0.0000 1.4583 1.0
3.7500 0.0000 1.4583 1.0
3.9583 0.0000 1.4583 1.0
4.1667 0.0000 1.4583 1.0
4.3750 0.0000 1.4583 1.0
4.5833 0.0000 1.4583 1.0
4.7917 0.0000 1.4583 1.0
5.0000 0.0000 1.4583 1.0
0.0000 0.0000 1.6667 1.0
0.2083 0.0000 1.6667 1.0
0.4167 0.0000 1.6667 1.0
0.6250 0.0000 1.6667 1.0
0.8333 0.0000 1.6667 1.0
1.0417 0.0000 1.6667 1.0
1.2500 0.0000 1.6667 1.0
1.4583 0.0000 1.6667 1.0
1.6667 0.0000 1.6667 1.0
1.8750 0.0000 1.6667 1.0
2.0833 0.0000 1.6667 1.0
2.2917 0.0000 1.6667 1.0
2.5000 0.0000 1.6667 1.0
2.7083 0.0000 1.6667 1.0
2.9167 0.0000 1.6667 1.0
3.1250 0.0000 1.6667 1.0
3.3333 0.0000 1.6667 1.0
3.5417 0.0000 1.6667 1.0
3.7500 0.0000 1.6667 1.0
3.9583 0.0000 1.6667 1.0
4.1667 0.0000 1.6667 1.0
4.3750 0.0000 1.6667 1.0
4.5833 0.0000 1.6667 1.0
4.7917 0.0000 1.6667 1.0
5.0000 0.0000 1.6667 1.0
0.0000 0.0000 1.8750 1.0
0.2083 0.0000 1.8750 1.0
0.4167 0.0000 1.8750 1.0
0.6250 0.0000 1.8750 1.0
0.8333 0.0000 1.8750 1.0
1.0417 0.0000 1.8750 1.0
1.2500 0.0000 1.8750 1.0
1.4583 0.0000 1.8750 1.0
1.6667 0.0000 1.8750 1.0
1.8750 0.0000 1.8750 1.0
2.0833 0.0000 1.8750 1.0
2.2917 0.0000 1.8750 1.0
2.5000 0.0000 1.8750 1.0
2.7083 0.0000 1.8750 1.0
2.9167 0.0000 1.8750 1.0
3.1250 0.0000 1.8750 1.0
3.3333 0.0000 1.8750 1.0
3.5417 0.0000 1.8750 1.0
3.7500 0.0000 1.8750 1.0
3.9583 0.0000 1.8750 1.0
4.1667 0.0000 1.8750 1.0
4.3750 0.0000 1.8750 1.0
4.5833 0.0000 1.8750 1.0
4.7917 0.0000 1.8750 1.0
5.0000 0.0000 1.8750 1.0
0.0000 0.0000 2.0833 1.0
0.2083 0.0000 2.0833 1.0
0.4167 0.0000 2.0833 1.0
0.6250 0.0000 2.0833 1.0
0.8333 0.0000 2.0833 1.0
1.0417 0.0000 2.0833 1.0
1.2500 0.0000 2.0833 1.0
1.4583 0.0000 2.0833 1.0
1.6667 0.0000 2.0833 1.0
1.8750 0.0000 2.0833 1.0
2.0833 0.0000 2.0833 1.0
2.2917 0.0000 2.0833 1.0
2.5000 0.0000 2.0833 1.0
2.7083 0.0000 2.0833 1.0
2.9167 0.0000 2.0833 1.0
3.1250 0.0000 2.0833 1.0
3.3333 0.0000 2.0833 1.0
3.5417 0.0000 2.0833 1.0
3.7500 0.0000 2.0833 1.0
3.9583 0.0000 2.0833 1.0
4.1667 0.0000 2.0833 1.0
4.3750 0.0000 2.0833 1.0
4.5833 0.0000 2.0833 1.0
4.7917 0.0000 2.0833 1.0
5.0000 0.0000 2.0833 1.0
0.0000 0.0000 2.2917 1.0
0.2083 0.0000 2.2917 1.0
0.4167 0.0000 2.2917 1.0
0.6250 0.0000 2.2917 1.0
0.8333 0.0000 2.2917 1.0
1.0417 0.0000 2.2917 1.0
1.2500 0.0000 2.2917 1.0
1.4583 0.0000 2.2917 1.0
1.6667 0.0000 2.2917 1.0
1.8750 0.0000 2.2917 1.0
2.0833 0.0000 2.2917 1.0
2.2917 0.0000 2.2917 1.0
2.5000 0.0000 2.2917 1.0
2.7083 0.0000 2.2917 1.0
2.9167 0.0000 2.2917 1.0
3.1250 0.0000 2.2917 1.0
3.3333 0.0000 2.2917 1.0
3.5417 0.0000 2.2917 1.0
3.7500 0.0000 2.2917 1.0
3.9583 0.0000 2.2917 1.0
4.1667 0.0000 2.2917 1.0
4.3750 0.0000 2.2917 1.0
4.5833 0.0000 2.2917 1.0
4.7917 0.0000 2.2917 1.0
5.0000 0.0000 2.2917 1.0
0.0000 0.0000 2.5000 1.0
0.2083 0.0000 2.5000 1.0
0.4167 0.0000 2.5000 1.0
0.6250 0.0000 2.5000 1.0
0.8333 0.0000 2.5000 1.0
1.0417 0.0000 2.5000 1.0
1.2500 0.0000 2.5000 1.0
1.4583 0.0000 2.5000 1.0
1.6667 0.0000 2.5000 1.0
1.8750 0.0000 2.5000 1.0
2.0833 0.0000 2.5000 1.0
2.2917 0.0000 2.5000 1.0
2.5000 0.0000 2.5000 1.0
2.7083 0.0000 2.5000 1.0
2.9167 0.0000 2.5000 1.0
3.1250 0.0000 2.5000 1.0
3.3333 0.0000 2.5000 1.0
3.5417 0.0000 2.5000 1.0
3.7500 0.0000 2.5000 1.0
3.9583 0.0000 2.5000 1.0
4.1667 0.0000 2.5000 1.0
4.3750 0.0000 2.5000 1.0
4.5833 0.0000 2.5000 1.0
4.7917 0.0000 2.5000 1.0
5.0000 0.0000 2.5000 1.0
0.0000 0.0000 2.7083 1.0
0.2083 0.0000 2.7083 1.0
0.4167 0.0000 2.7083 1.0
0.6250 0.0000 2.7083 1.0
0.8333 0.0000 2.7083 1.0
1.0417 0.0000 2.7083 1.0
1.2500 0.0000 2.7083 1.0
1.4583 0.0000 2.7083 1.0
1.6667 0.0000 2.7083 1.0
1.8750 0.0000 2.7083 1.0
2.0833 0.0000 2.7083 1.0
2.2917 0.0000 2.7083 1.0
2.5000 0.0000 2.7083 1.0
2.7083 0.0000 2.7083 1.0
2.9167 0.0000 2.7083 1.0
3.1250 0.0000 2.7083 1.0
3.3333 0.0000 2.7083 1.0
3.5417 0.0000 2.7083 1.0
3.7500 0.0000 2.7083 1.0
3.9583 0.0000 2.7083 1.0
4.1667 0.0000 2.7083 1.0
4.3750 0.0000 2.7083 1.0
4.5833 0.0000 2.7083 1.0
4.7917 0.0000 2.7083 1.0
5.0000 0.0000 2.7083 1.0
0.0000 0.0000 2.9167 1.0
0.2083 0.0000 2.9167 1.0
0.4167 0.0000 2.9167 1.0
0.6250 0.0000 2.9167 1.0
0.8333 0.0000 2.9167 1.0
1.0417 0.0000 2.9167 1.0
1.2500 0.0000 2.9167 1.0
1.4583 0.0000 2.9167 1.0
1.6667 0.0000 2.9167 1.0
1.8750 0.0000 2.9167 1.0
2.0833 0.0000 2.9167 1.0
2.2917 0.0000 2.9167 1.0
2.5000 0.0000 2.9167 1.0
2.7083 0.0000 2.9167 1.0
2.9167 0.0000 2.9167 1.0
3.1250 0.0000 2.9167 1.0
3.3333 0.0000 2.9167 1.0
3.5417 0.0000 2.9167 1.0
3.7500 0.0000 2.9167 1.0
3.9583 0.0000 2.9167 1.0
4.1667 0.0000 2.9167 1.0
4.3750 0.0000 2.9167 1.0
4.5833 0.0000 2.9167 1.0
4.7917 0.0000 2.9167 1.0
5.0000 0.0000 2.9167 1.0
0.0000 0.0000 3.1250 1.0
0.2083 0.0000 3.1250 1.0
0.4167 0.0000 3.1250 1.0
0.6250 0.0000 3.1250 1.0
0.8333 0.0000 3.1250 1.0
1.0417 0.0000 3.1250 1.0
1.2500 0.0000 3.1250 1.0
1.4583 0.0000 3.1250 1.0
1.6667 0.0000 3.1250 1.0
1.8750 0.0000 3.1250 1.0
2.0833 0.0000 3.1250 1.0
2.2917 0.0000 3.1250 1.0
2.5000 0.0000 3.1250 1.0
2.7083 0.0000 3.1250 1.0
2.9167 0.0000 3.1250 1.0
3.1250 0.0000 3.1250 1.0
3.3333 0.0000 3.1250 1.0
3.5417 0.0000 3.1250 1.0
3.7500 0.0000 3.1250 1.0
3.9583 0.0000 3.1250 1.0
4.1667 0.0000 3.1250 1.0
4.3750 0.0000 3.1250 1.0
4.5833 0.0000 3.1250 1.0
4.7917 0.0000 3.1250 1.0
5.0000 0.0000 3.1250 1.0
0.0000 0.0000 3.3333 1.0
0.2083 0.0000 3.3333 1.0
0.4167 0.0000 3.3333 1.0
0.6250 0.0000 3.3333 1.0
0.8333 0.0000 3.3333 1.0
1.0417 0.0000 3.3333 1.0
1.2500 0.0000 3.3333 1.0
1.4583 0.0000 3.3333 1.0
1.6667 0.0000 3.3333 1.0
1.8750 0.0000 3.3333 1.0
2.0833 0.0000 3.3333 1.0
2.2917 0.0000 3.3333 1.0
2.5000 0.0000 3.3333 1.0
2.7083 0.0000 3.3333 1.0
2.9167 0.0000 3.3333 1.0
3.1250 0.0000 3.3333 1.0
3.3333 0.0000 3.3333 1.0
3.5417 0.0000 3.3333 1.0
3.7500 0.0000 3.3333 1.0
3.9583 0.0000 3.3333 1.0
4.1667 0.0000 3.3333 1.0
4.3750 0.0000 3.3333 1.0
4.5833 0.0000 3.3333 1.0
4.7917 0.0000 3.3333 1.0
5.0000 0.0000 3.3333 1.0
0.0000 0.0000 3.5417 1.0
0.2083 0.0000 3.5417 1.0
0.4167 0.0000 3.5417 1.0
0.6250 0.0000 3.5417 1.0
0.8333 0.0000 3.5417 1.0
1.0417 0.0000 3.5417 1.0
1.2500 0.0000 3.5417 1.0
1.4583 0.0000 3.5417 1.0
1.6667 0.0000 3.5417 1.0
1.8750 0.0000 3.5417 1.0
2.0833 0.0000 3.5417 1.0
2.2917 0.0000 3.5417 1.0
2.5000 0.0000 3.5417 1.0
2.7083 0.0000 3.5417 1.0
2.9167 0.0000 3.5417 1.0
3.1250 0.0000 3.5417 1.0
3.3333 0.0000 3.5417 1.0
3.5417 0.0000 3.5417 1.0
3.7500 0.0000 3.5417 1.0
3.9583 0.0000 3.5417 1.0
4.1667 0.0000 3.5417 1.0
4.3750 0.0000 3.5417 1.0
4.5833 0.0000 3.5417 1.0
4.7917 0.0000 3.5417 1.0
5.0000 0.0000 3.5417 1.0
0.0000 0.0000 3.7500 1.0
0.2083 0.0000 3.7500 1.0
0.4167 0.0000 3.7500 1.0
0.6250 0.0000 3.7500 1.0
0.8333 0.0000 3.7500 1.0
1.0417 0.0000 3.7500 1.0
1.2500 0.0000 3.7500 1.0
1.4583 0.0000 3.7500 1.0
1.6667 0.0000 3.7500 1.0
1.8750 0.0000 3.7500 1.0
2.0833 0.0000 3.7500 1.0
2.2917 0.0000 3.7500 1.0
2.5000 0.0000 3.7500 1.0
2.7083 0.0000 3.7500 1.0
2.9167 0.0000 3.7500 1.0
3.1250 0.0000 3.7500 1.0
3.3333 0.0000 3.7500 1.0
3.5417 0.0000 3.7500 1.0
3.7500 0.0000 3.7500 1.0
3.9583 0.0000 3.7500 1.0
4.1667 0.0000 3.7500 1.0
4.3750 0.0000 3.7500 1.0
4.5833 0.0000 3.7500 1.0
4.7917 0.0000 3.7500 1.0
5.0000 0.0000 3.7500 1.0
0.0000 0.0000 3.9583 1.0
0.2083 0.0000 3.9583 1.0
0.4167 0.0000 3.9583 1.0
0.6250 0.0000 3.9583 1.0
0.8333 0.0000 3.9583 1.0
1.0417 0.0000 3.9583 1.0
1.2500 0.0000 3.9583 1.0
1.4583 0.0000 3.9583 1.0
1.6667 0.0000 3.9583 1.0
1.8750 0.0000 3.9583 1.0
2.0833 0.0000 3.9583 1.0
2.2917 0.0000 3.9583 1.0
2.5000 0.0000 3.9583 1.0
2.7083 0.0000 3.9583 1.0
2.9167 0.0000 3.9583 1.0
3.1250 0.0000 3.9583 1.0
3.3333 0.0000 3.9583 1.0
3.5417 0.0000 3.9583 1.0
3.7500 0.0000 3.9583 1.0
3.9583 0.0000 3.9583 1.0
4.1667 0.0000 3.9583 1.0
4.3750 0.0000 3.9583 1.0
4.5833 0.0000 3.9583 1.0
4.7917 0.0000 3.9583 1.0
5.0000 0.0000 3.9583 1.0
0.0000 0.0000 4.1667 1.0
0.2083 0.0000 4.1667 1.0
0.4167 0.0000 4.1667 1.0
0.6250 0.0000 4.1667 1.0
0.8333 0.0000 4.1667 1.0
1.0417 0.0000 4.1667 1.0
1.2500 0.0000 4.1667 1.0
1.4583 0.0000 4.1667 1.0
1.6667 0.0000 4.1667 1.0
1.8750 0.0000 4.1667 1.0
2.0833 0.0000 4.1667 1.0
2.2917 0.0000 4.1667 1.0
2.5000 0.0000 4.1667 1.0
2.7083 0.0000 4.1667 1.0
2.9167 0.0000 4.1667 1.0
3.1250 0.0000 4.1667 1.0
3.3333 0.0000 4.1667 1.0
3.5417 0.0000 4.1667 1.0
3.7500 0.0000 4.1667 1.0
3.9583 0.0000 4.1667 1.0
4.1667 0.0000 4.1667 1.0
4.3750 0.0000 4.1667 1.0
4.5833 0.0000 4.1667 1.0
4.7917 0.0000 4.1667 1.0
5.0000 0.0000 4.1667 1.0
0.0000 0.0000 4.3750 1.0
0.2083 0.0000 4.3750 1.0
0.4167 0.0000 4.3750 1.0
0.6250 0.0000 4.3750 1.0
0.8333 0.0000 4.3750 1.0
1.0417 0.0000 4.3750 1.0
1.2500 0.0000 4.3750 1.0
1.4583 0.0000 4.3750 1.0
1.6667 0.0000 4.3750 1.0
1.8750 0.0000 4.3750 1.0
2.0833 0.0000 4.3750 1.0
2.2917 0.0000 4.3750 1.0
2.5000 0.0000 4.3750 1.0
2.7083 0.0000 4.3750 1.0
2.9167 0.0000 4.3750 1.0
3.1250 0.0000 4.3750 1.0
3.3333 0.0000 4.3750 1.0
3.5417 0.0000 4.3750 1.0
3.7500 0.0000 4.3750 1.0
3.9583 0.0000 4.3750 1.0
4.1667 0.0000 4.3750 1.0
4.3750 0.0000 4.3750 1.0
4.5833 0.0000 4.3750 1.0
4.7917 0.0000 4.3750 1.0
5.0000 0.0000 4.3750 1.0
0.0000 0.0000 4.5833 1.0
0.2083 0.0000 4.5833 1.0
0.4167 0.0000 4.5833 1.0
0.6250 0.0000 4.5833 1.0
0.8333 0.0000 4.5833 1.0
1.0417 0.0000 4.5833 1.0
1.2500 0.0000 4.5833 1.0
1.4583 0.0000 4.5833 1.0
1.6667 0.0000 4.5833 1.0
1.8750 0.0000 4.5833 1.0
2.0833 0.0000 4.5833 1.0
2.2917 0.0000 4.5833 1.0
2.5000 0.0000 4.5833 1.0
2.7083 0.0000 4.5833 1.0
2.9167 0.0000 4.5833 1.0
3.1250 0.0000 4.5833 1.0
3.3333 0.0000 4.5833 1.0
3.5417 0.0000 4.5833 1.0
3.7500 0.0000 4.5833 1.0
3.9583 0.0000 4.5833 1.0
4.1667 0.0000 4.5833 1.0
4.3750 0.0000 4.5833 1.0
4.5833 0.0000 4.5833 1.0
4.7917 0.0000 4.5833 1.0
5.0000 0.0000 4.5833 1.0
0.0000 0.0000 4.7917 1.0
0.2083 0.0000 4.7917 1.0
0.4167 0.0000 4.7917 1.0
0.6250 0.0000 4.7917 1.0
0.8333 0.0000 4.7917 1.0
1.0417 0.0000 4.7917 1.0
1.2500 0.0000 4.7917 1.0
1.4583 0.0000 4.7917 1.0
1.6667 0.0000 4.7917 1.0
1.8750 0.0000 4.7917 1.0
2.0833 0.0000 4.7917 1.0
2.2917 0.0000 4.7917 1.0
2.5000 0.0000 4.7917 1.0
2.7083 0.0000 4.7917 1.0
2.9167 0.0000 4.7917 1.0
3.1250 0.0000 4.7917 1.0
3.3333 0.0000 4.7917 1.0
3.5417 0.0000 4.7917 1.0
3.7500 0.0000 4.7917 1.0
3.9583 0.0000 4.7917 1.0
4.1667 0.0000 4.7917 1.0
4.3750 0.0000 4.7917 1.0
4.5833 0.0000 4.7917 1.0
4.7917 0.0000 4.7917 1.0
5.0000 0.0000 4.7917 1.0
0.0000 0.0000 5.0000 1.0
0.2083 0.0000 5.0000 1.0
0.4167 0.0000 5.0000 1.0
0.6250 0.0000 5.0000 1.0
0.8333 0.0000 5.0000 1.0
1.0417 0.0000 5.0000 1.0
1.2500 0.0000 5.0000 1.0
1.4583 0.0000 5.0000 1.0
1.6667 0.0000 5.0000 1.0
1.8750 0.0000 5.0000 1.0
2.0833 0.0000 5.0000 1.0
2.2917 0.0000 5.0000 1.0
2.5000 0.0000 5.0000 1.0
2.7083 0.0000 5.0000 1.0
2.9167 0.0000 5.0000 1.0
3.1250 0.0000 5.0000 1.0
3.3333 0.0000 5.0000 1.0
3.5417 0.0000 5.0000 1.0
3.7500 0.0000 5.0000 1.0
3.9583 0.0000 5.0000 1.0
4.1667 0.0000 5.0000 1.0
4.3750 0.0000 5.0000 1.0
4.5833 0.0000 5.0000 1.0
4.7917 0.0000 5.0000 1.0
5.0000 0.0000 5.0000 1.0
